equation: product_reichenbach(x13, x12 + x15 + x6 + (-0.9442500168622933*x16 - x3)/x4)
threshold: 0.7
dataset: test_df
Evaluated equation: product_reichenbach(oldbalanceOrig3, oldbalanceOrig2 + oldbalanceOrig5 + externalOrig + (-0.9442500168622933*oldbalanceOrig6 - oldbalanceDest)/newbalanceDest)

log_loss = 0.07287760179874411
accuracy = 0.99789
precision_score = 0.14782608695652175
recall_score = 0.13076923076923078
f1_score = 0.13877551020408166