equation: product_reichenbach(x11, -x19 + x21 - x3 + x6)
threshold: 0.7
dataset: test_df
Evaluated equation: product_reichenbach(oldbalanceOrig1, -oldbalanceOrig9 + newbalanceOrig1 - oldbalanceDest + externalOrig)

log_loss = 0.13608512181641955
accuracy = 0.99606
precision_score = 0.09006211180124224
recall_score = 0.2230769230769231
f1_score = 0.12831858407079647