equation: lukas(x16, 0.35636700255289633*x13 - 0.35636700255289633*x2 + 0.35636700255289633*x21 + 0.35636700255289633*x3*(-x14 + x17 - x7))
threshold: 0.7
dataset: test_df
Evaluated equation: lukas(oldbalanceOrig6, 0.35636700255289633*oldbalanceOrig3 - 0.35636700255289633*newbalanceOrig + 0.35636700255289633*newbalanceOrig1 + 0.35636700255289633*oldbalanceDest*(-oldbalanceOrig4 + oldbalanceOrig7 - is_workday))

log_loss = 0.1063810784670321
accuracy = 0.99692
precision_score = 0.11965811965811966
recall_score = 0.2153846153846154
f1_score = 0.15384615384615385