equation: lukas(0.8459384433391881, x8*(2*x15 - x15/x4 - x3))
threshold: 0.7
dataset: test_df
Evaluated equation: lukas(0.8459384433391881, meanDest3*(2*oldbalanceOrig5 - oldbalanceOrig5/newbalanceDest - oldbalanceDest))

log_loss = 0.07287760179874411
accuracy = 0.99789
precision_score = 0.14782608695652175
recall_score = 0.13076923076923078
f1_score = 0.13877551020408166