equation: lukas(x3, -x1*(x10 + x2) + x13*x21)
threshold: 0.7
dataset: test_df
Evaluated equation: lukas(oldbalanceDest, -oldbalanceOrig*(oldbalanceOrig0 + newbalanceOrig) + oldbalanceOrig3*newbalanceOrig1)

log_loss = 0.13159500892131243
accuracy = 0.99619
precision_score = 0.10410094637223975
recall_score = 0.25384615384615383
f1_score = 0.14765100671140938