equation: product_reichenbach(x9/x4, x13*(x10*(1.0893275980590977 - x19) - x13 - x3 + x4) + x6)
threshold: 0.7
dataset: test_df
Evaluated equation: product_reichenbach(meanDest7/newbalanceDest, oldbalanceOrig3*(oldbalanceOrig0*(1.0893275980590977 - oldbalanceOrig9) - oldbalanceOrig3 - oldbalanceDest + newbalanceDest) + externalOrig)

log_loss = 0.07287760179874411
accuracy = 0.99789
precision_score = 0.14782608695652175
recall_score = 0.13076923076923078
f1_score = 0.13877551020408166