equation: lukas(x3, -x10 + x13*x18 - x2 + x21)
threshold: 0.7
dataset: test_df
Evaluated equation: lukas(oldbalanceDest, -oldbalanceOrig0 + oldbalanceOrig3*oldbalanceOrig8 - newbalanceOrig + newbalanceOrig1)

log_loss = 0.090492865514581
accuracy = 0.99738
precision_score = 0.14516129032258066
recall_score = 0.2076923076923077
f1_score = 0.17088607594936708