equation: x4 - x4*(x14 + x17)*lukas(x16, x3 + x6)/(x10 + x12)
threshold: 0.7
dataset: test_df
Evaluated equation: newbalanceDest - newbalanceDest*(oldbalanceOrig4 + oldbalanceOrig7)*lukas(oldbalanceOrig6, oldbalanceDest + externalOrig)/(oldbalanceOrig0 + oldbalanceOrig2)

log_loss = 0.07287760179874411
accuracy = 0.99789
precision_score = 0.14782608695652175
recall_score = 0.13076923076923078
f1_score = 0.13877551020408166