equation: product_reichenbach(x14 + x19 + x2,  x21 - x3)
threshold: 0.7
dataset: test_df
Evaluated equation: product_reichenbach(oldbalanceOrig4 + oldbalanceOrig9 + newbalanceOrig,  newbalanceOrig1 - oldbalanceDest)

log_loss = 0.05491705426662407
accuracy = 0.99841
precision_score = 0.29577464788732394
recall_score = 0.16153846153846155
f1_score = 0.208955223880597