equation: lukas(x16, -x8*(x16*(-x10 + x3 - x4 - 0.7797903311701913) + x8) - 0.6612440786056896)
threshold: 0.7
dataset: test_df
Evaluated equation: lukas(oldbalanceOrig6, -meanDest3*(oldbalanceOrig6*(-oldbalanceOrig0 + oldbalanceDest - newbalanceDest - 0.7797903311701913) + meanDest3) - 0.6612440786056896)

log_loss = 0.07287760179874411
accuracy = 0.99789
precision_score = 0.14782608695652175
recall_score = 0.13076923076923078
f1_score = 0.13877551020408166